A: 1.925807%
B: 1.928189%
C: 1.929710%
D: 1.930771%
E: 1.917988%
F: 1.920981%
G: 1.924859%
H: 1.918761%
I: 1.929411%
J: 1.923699%
K: 1.918325%
L: 1.925034%
M: 1.919721%
N: 1.922727%
O: 1.922901%
P: 1.926306%
Q: 1.919622%
R: 1.929349%
S: 1.915855%
T: 1.924884%
U: 1.928052%
V: 1.917489%
W: 1.917127%
X: 1.924485%
Y: 1.919933%
Z: 1.925944%
a: 1.922664%
b: 1.926031%
c: 1.913137%
d: 1.920295%
e: 1.924460%
f: 1.929411%
g: 1.924173%
h: 1.921068%
i: 1.924123%
j: 1.917165%
k: 1.930384%
l: 1.914446%
m: 1.925470%
n: 1.919285%
o: 1.926605%
p: 1.928052%
q: 1.923737%
r: 1.926693%
s: 1.921255%
t: 1.931718%
u: 1.911927%
v: 1.925171%
w: 1.930122%
x: 1.918349%
y: 1.920694%
z: 1.915631%
Total number of letters: 8018664
